SAVED BY: 
TITLE: 
COMMENTS: 
DATE: 3/13/2015
TIME: 12:04 PM

STIMULUS, RESPONSE
 8.918000E+9,   4.586E-1
 8.918100E+9,   4.591E-1
 8.918200E+9,   4.617E-1
 8.918300E+9,   4.638E-1
 8.918400E+9,   4.648E-1
 8.918500E+9,   4.643E-1
 8.918600E+9,   4.643E-1
 8.918700E+9,   4.623E-1
 8.918800E+9,   4.623E-1
 8.918900E+9,   4.586E-1
 8.919000E+9,   4.628E-1
 8.919100E+9,   4.633E-1
 8.919200E+9,   4.602E-1
 8.919300E+9,   4.628E-1
 8.919400E+9,   4.623E-1
 8.919500E+9,   4.633E-1
 8.919600E+9,   4.617E-1
 8.919700E+9,   4.612E-1
 8.919800E+9,   4.628E-1
 8.919900E+9,   4.623E-1
 8.920000E+9,   4.607E-1
 8.920100E+9,   4.612E-1
 8.920200E+9,   4.633E-1
 8.920300E+9,   4.617E-1
 8.920400E+9,   4.617E-1
 8.920500E+9,   4.607E-1
 8.920600E+9,   4.623E-1
 8.920700E+9,   4.633E-1
 8.920800E+9,   4.633E-1
 8.920900E+9,   4.612E-1
 8.921000E+9,   4.612E-1
 8.921100E+9,   4.633E-1
 8.921200E+9,   4.617E-1
 8.921300E+9,   4.628E-1
 8.921400E+9,   4.638E-1
 8.921500E+9,   4.643E-1
 8.921600E+9,   4.623E-1
 8.921700E+9,   4.623E-1
 8.921800E+9,   4.628E-1
 8.921900E+9,   4.628E-1
 8.922000E+9,   4.638E-1
 8.922100E+9,   4.628E-1
 8.922200E+9,   4.643E-1
 8.922300E+9,   4.638E-1
 8.922400E+9,   4.617E-1
 8.922500E+9,   4.623E-1
 8.922600E+9,   4.638E-1
 8.922700E+9,   4.628E-1
 8.922800E+9,   4.638E-1
 8.922900E+9,   4.628E-1
 8.923000E+9,   4.643E-1
 8.923100E+9,   4.648E-1
 8.923200E+9,   4.638E-1
 8.923300E+9,   4.648E-1
 8.923400E+9,   4.628E-1
 8.923500E+9,   4.643E-1
 8.923600E+9,   4.617E-1
 8.923700E+9,   4.638E-1
 8.923800E+9,   4.623E-1
 8.923900E+9,   4.633E-1
 8.924000E+9,   4.648E-1
 8.924100E+9,   4.628E-1
 8.924200E+9,   4.643E-1
 8.924300E+9,   4.659E-1
 8.924400E+9,   4.633E-1
 8.924500E+9,   4.654E-1
 8.924600E+9,   4.643E-1
 8.924700E+9,   4.638E-1
 8.924800E+9,   4.633E-1
 8.924900E+9,   4.638E-1
 8.925000E+9,   4.633E-1
 8.925100E+9,   4.638E-1
 8.925200E+9,   4.638E-1
 8.925300E+9,   4.633E-1
 8.925400E+9,   4.628E-1
 8.925500E+9,   4.638E-1
 8.925600E+9,   4.633E-1
 8.925700E+9,   4.648E-1
 8.925800E+9,   4.633E-1
 8.925900E+9,   4.638E-1
 8.926000E+9,   4.638E-1
 8.926100E+9,   4.633E-1
 8.926200E+9,   4.638E-1
 8.926300E+9,   4.633E-1
 8.926400E+9,   4.654E-1
 8.926500E+9,   4.638E-1
 8.926600E+9,   4.643E-1
 8.926700E+9,   4.638E-1
 8.926800E+9,   4.643E-1
 8.926900E+9,   4.638E-1
 8.927000E+9,   4.638E-1
 8.927100E+9,   4.633E-1
 8.927200E+9,   4.638E-1
 8.927300E+9,   4.633E-1
 8.927400E+9,   4.643E-1
 8.927500E+9,   4.633E-1
 8.927600E+9,   4.643E-1
 8.927700E+9,   4.654E-1
 8.927800E+9,   4.638E-1
 8.927900E+9,   4.633E-1
 8.928000E+9,   4.586E-1
 8.928100E+9,   4.648E-1
 8.928200E+9,   4.643E-1
 8.928300E+9,   4.638E-1
 8.928400E+9,   4.654E-1
 8.928500E+9,   4.628E-1
 8.928600E+9,   4.581E-1
 8.928700E+9,   4.638E-1
 8.928800E+9,   4.638E-1
 8.928900E+9,   4.633E-1
 8.929000E+9,   4.633E-1
 8.929100E+9,   4.633E-1
 8.929200E+9,   4.648E-1
 8.929300E+9,   4.633E-1
 8.929400E+9,   4.659E-1
 8.929500E+9,   4.643E-1
 8.929600E+9,   4.633E-1
 8.929700E+9,   4.638E-1
 8.929800E+9,   4.654E-1
 8.929900E+9,   4.659E-1
 8.930000E+9,   4.638E-1
 8.930100E+9,   4.638E-1
 8.930200E+9,   4.638E-1
 8.930300E+9,   4.633E-1
 8.930400E+9,   4.638E-1
 8.930500E+9,   4.633E-1
 8.930600E+9,   4.638E-1
 8.930700E+9,   4.638E-1
 8.930800E+9,   4.654E-1
 8.930900E+9,   4.633E-1
 8.931000E+9,   4.638E-1
 8.931100E+9,   4.638E-1
 8.931200E+9,   4.643E-1
 8.931300E+9,   4.628E-1
 8.931400E+9,   4.633E-1
 8.931500E+9,   4.643E-1
 8.931600E+9,   4.628E-1
 8.931700E+9,   4.633E-1
 8.931800E+9,   4.643E-1
 8.931900E+9,   4.633E-1
 8.932000E+9,   4.633E-1
 8.932100E+9,   4.638E-1
 8.932200E+9,   4.628E-1
 8.932300E+9,   4.638E-1
 8.932400E+9,   4.648E-1
 8.932500E+9,   4.633E-1
 8.932600E+9,   4.643E-1
 8.932700E+9,   4.638E-1
 8.932800E+9,   4.628E-1
 8.932900E+9,   4.638E-1
 8.933000E+9,   4.633E-1
 8.933100E+9,   4.638E-1
 8.933200E+9,   4.643E-1
 8.933300E+9,   4.638E-1
 8.933400E+9,   4.581E-1
 8.933500E+9,   4.633E-1
 8.933600E+9,   4.633E-1
 8.933700E+9,   4.617E-1
 8.933800E+9,   4.633E-1
 8.933900E+9,   4.643E-1
 8.934000E+9,   4.648E-1
 8.934100E+9,   4.638E-1
 8.934200E+9,   4.648E-1
 8.934300E+9,   4.638E-1
 8.934400E+9,   4.628E-1
 8.934500E+9,   4.633E-1
 8.934600E+9,   4.628E-1
 8.934700E+9,   4.633E-1
 8.934800E+9,   4.638E-1
 8.934900E+9,   4.628E-1
 8.935000E+9,   4.628E-1
 8.935100E+9,   4.633E-1
 8.935200E+9,   4.638E-1
 8.935300E+9,   4.633E-1
 8.935400E+9,   4.643E-1
 8.935500E+9,   4.643E-1
 8.935600E+9,   4.643E-1
 8.935700E+9,   4.638E-1
 8.935800E+9,   4.638E-1
 8.935900E+9,   4.628E-1
 8.936000E+9,   4.638E-1
 8.936100E+9,   4.617E-1
 8.936200E+9,   4.628E-1
 8.936300E+9,   4.633E-1
 8.936400E+9,   4.643E-1
 8.936500E+9,   4.633E-1
 8.936600E+9,   4.638E-1
 8.936700E+9,   4.633E-1
 8.936800E+9,   4.648E-1
 8.936900E+9,   4.633E-1
 8.937000E+9,   4.628E-1
 8.937100E+9,   4.617E-1
 8.937200E+9,   4.638E-1
 8.937300E+9,   4.633E-1
 8.937400E+9,   4.633E-1
 8.937500E+9,   4.623E-1
 8.937600E+9,   4.643E-1
 8.937700E+9,   4.643E-1
 8.937800E+9,   4.617E-1
 8.937900E+9,   4.638E-1
 8.938000E+9,   4.633E-1
 8.938100E+9,   4.638E-1
 8.938200E+9,   4.623E-1
 8.938300E+9,   4.648E-1
 8.938400E+9,   4.638E-1
 8.938500E+9,   4.628E-1
 8.938600E+9,   4.633E-1
 8.938700E+9,   4.643E-1
 8.938800E+9,   4.638E-1
 8.938900E+9,   4.628E-1
 8.939000E+9,   4.638E-1
 8.939100E+9,   4.617E-1
 8.939200E+9,   4.623E-1
 8.939300E+9,   4.628E-1
 8.939400E+9,   4.638E-1
 8.939500E+9,   4.628E-1
 8.939600E+9,   4.581E-1
 8.939700E+9,   4.617E-1
 8.939800E+9,   4.623E-1
 8.939900E+9,   4.617E-1
 8.940000E+9,   4.612E-1
 8.940100E+9,   4.623E-1
 8.940200E+9,   4.628E-1
 8.940300E+9,   4.617E-1
 8.940400E+9,   4.623E-1
 8.940500E+9,   4.617E-1
 8.940600E+9,   4.638E-1
 8.940700E+9,   4.617E-1
 8.940800E+9,   4.623E-1
 8.940900E+9,   4.617E-1
 8.941000E+9,   4.628E-1
 8.941100E+9,   4.633E-1
 8.941200E+9,   4.628E-1
 8.941300E+9,   4.617E-1
 8.941400E+9,   4.623E-1
 8.941500E+9,   4.628E-1
 8.941600E+9,   4.628E-1
 8.941700E+9,   4.628E-1
 8.941800E+9,   4.617E-1
 8.941900E+9,   4.617E-1
 8.942000E+9,   4.607E-1
 8.942100E+9,   4.612E-1
 8.942200E+9,   4.560E-1
 8.942300E+9,   4.623E-1
 8.942400E+9,   4.597E-1
 8.942500E+9,   4.617E-1
 8.942600E+9,   4.628E-1
 8.942700E+9,   4.612E-1
 8.942800E+9,   4.617E-1
 8.942900E+9,   4.607E-1
 8.943000E+9,   4.623E-1
 8.943100E+9,   4.607E-1
 8.943200E+9,   4.607E-1
 8.943300E+9,   4.612E-1
 8.943400E+9,   4.612E-1
 8.943500E+9,   4.607E-1
 8.943600E+9,   4.607E-1
 8.943700E+9,   4.607E-1
 8.943800E+9,   4.617E-1
 8.943900E+9,   4.607E-1
 8.944000E+9,   4.607E-1
 8.944100E+9,   4.602E-1
 8.944200E+9,   4.612E-1
 8.944300E+9,   4.597E-1
 8.944400E+9,   4.612E-1
 8.944500E+9,   4.602E-1
 8.944600E+9,   4.602E-1
 8.944700E+9,   4.597E-1
 8.944800E+9,   4.586E-1
 8.944900E+9,   4.597E-1
 8.945000E+9,   4.597E-1
 8.945100E+9,   4.602E-1
 8.945200E+9,   4.591E-1
 8.945300E+9,   4.591E-1
 8.945400E+9,   4.586E-1
 8.945500E+9,   4.602E-1
 8.945600E+9,   4.607E-1
 8.945700E+9,   4.586E-1
 8.945800E+9,   4.597E-1
 8.945900E+9,   4.576E-1
 8.946000E+9,   4.581E-1
 8.946100E+9,   4.591E-1
 8.946200E+9,   4.586E-1
 8.946300E+9,   4.591E-1
 8.946400E+9,   4.591E-1
 8.946500E+9,   4.581E-1
 8.946600E+9,   4.586E-1
 8.946700E+9,   4.581E-1
 8.946800E+9,   4.581E-1
 8.946900E+9,   4.581E-1
 8.947000E+9,   4.586E-1
 8.947100E+9,   4.565E-1
 8.947200E+9,   4.565E-1
 8.947300E+9,   4.581E-1
 8.947400E+9,   4.581E-1
 8.947500E+9,   4.581E-1
 8.947600E+9,   4.581E-1
 8.947700E+9,   4.571E-1
 8.947800E+9,   4.560E-1
 8.947900E+9,   4.571E-1
 8.948000E+9,   4.555E-1
 8.948100E+9,   4.576E-1
 8.948200E+9,   4.545E-1
 8.948300E+9,   4.560E-1
 8.948400E+9,   4.550E-1
 8.948500E+9,   4.571E-1
 8.948600E+9,   4.555E-1
 8.948700E+9,   4.560E-1
 8.948800E+9,   4.565E-1
 8.948900E+9,   4.555E-1
 8.949000E+9,   4.540E-1
 8.949100E+9,   4.540E-1
 8.949200E+9,   4.545E-1
 8.949300E+9,   4.540E-1
 8.949400E+9,   4.550E-1
 8.949500E+9,   4.534E-1
 8.949600E+9,   4.534E-1
 8.949700E+9,   4.493E-1
 8.949800E+9,   4.534E-1
 8.949900E+9,   4.524E-1
 8.950000E+9,   4.529E-1
 8.950100E+9,   4.519E-1
 8.950200E+9,   4.514E-1
 8.950300E+9,   4.519E-1
 8.950400E+9,   4.503E-1
 8.950500E+9,   4.503E-1
 8.950600E+9,   4.467E-1
 8.950700E+9,   4.508E-1
 8.950800E+9,   4.503E-1
 8.950900E+9,   4.503E-1
 8.951000E+9,   4.503E-1
 8.951100E+9,   4.493E-1
 8.951200E+9,   4.493E-1
 8.951300E+9,   4.488E-1
 8.951400E+9,   4.488E-1
 8.951500E+9,   4.488E-1
 8.951600E+9,   4.477E-1
 8.951700E+9,   4.472E-1
 8.951800E+9,   4.472E-1
 8.951900E+9,   4.446E-1
 8.952000E+9,   4.477E-1
 8.952100E+9,   4.467E-1
 8.952200E+9,   4.436E-1
 8.952300E+9,   4.457E-1
 8.952400E+9,   4.441E-1
 8.952500E+9,   4.451E-1
 8.952600E+9,   4.441E-1
 8.952700E+9,   4.441E-1
 8.952800E+9,   4.425E-1
 8.952900E+9,   4.436E-1
 8.953000E+9,   4.420E-1
 8.953100E+9,   4.425E-1
 8.953200E+9,   4.420E-1
 8.953300E+9,   4.405E-1
 8.953400E+9,   4.399E-1
 8.953500E+9,   4.394E-1
 8.953600E+9,   4.337E-1
 8.953700E+9,   4.394E-1
 8.953800E+9,   4.394E-1
 8.953900E+9,   4.373E-1
 8.954000E+9,   4.379E-1
 8.954100E+9,   4.358E-1
 8.954200E+9,   4.363E-1
 8.954300E+9,   4.363E-1
 8.954400E+9,   4.342E-1
 8.954500E+9,   4.363E-1
 8.954600E+9,   4.342E-1
 8.954700E+9,   4.348E-1
 8.954800E+9,   4.337E-1
 8.954900E+9,   4.316E-1
 8.955000E+9,   4.316E-1
 8.955100E+9,   4.327E-1
 8.955200E+9,   4.306E-1
 8.955300E+9,   4.296E-1
 8.955400E+9,   4.290E-1
 8.955500E+9,   4.285E-1
 8.955600E+9,   4.285E-1
 8.955700E+9,   4.270E-1
 8.955800E+9,   4.254E-1
 8.955900E+9,   4.265E-1
 8.956000E+9,   4.254E-1
 8.956100E+9,   4.233E-1
 8.956200E+9,   4.228E-1
 8.956300E+9,   4.228E-1
 8.956400E+9,   4.207E-1
 8.956500E+9,   4.218E-1
 8.956600E+9,   4.192E-1
 8.956700E+9,   4.192E-1
 8.956800E+9,   4.182E-1
 8.956900E+9,   4.171E-1
 8.957000E+9,   4.166E-1
 8.957100E+9,   4.156E-1
 8.957200E+9,   4.140E-1
 8.957300E+9,   4.135E-1
 8.957400E+9,   4.130E-1
 8.957500E+9,   4.114E-1
 8.957600E+9,   4.109E-1
 8.957700E+9,   4.093E-1
 8.957800E+9,   4.093E-1
 8.957900E+9,   4.083E-1
 8.958000E+9,   4.062E-1
 8.958100E+9,   4.052E-1
 8.958200E+9,   4.041E-1
 8.958300E+9,   4.031E-1
 8.958400E+9,   4.021E-1
 8.958500E+9,   4.005E-1
 8.958600E+9,   4.000E-1
 8.958700E+9,   3.979E-1
 8.958800E+9,   3.969E-1
 8.958900E+9,   3.958E-1
 8.959000E+9,   3.943E-1
 8.959100E+9,   3.922E-1
 8.959200E+9,   3.912E-1
 8.959300E+9,   3.901E-1
 8.959400E+9,   3.881E-1
 8.959500E+9,   3.881E-1
 8.959600E+9,   3.860E-1
 8.959700E+9,   3.850E-1
 8.959800E+9,   3.829E-1
 8.959900E+9,   3.803E-1
 8.960000E+9,   3.803E-1
 8.960100E+9,   3.777E-1
 8.960200E+9,   3.756E-1
 8.960300E+9,   3.741E-1
 8.960400E+9,   3.720E-1
 8.960500E+9,   3.715E-1
 8.960600E+9,   3.694E-1
 8.960700E+9,   3.678E-1
 8.960800E+9,   3.652E-1
 8.960900E+9,   3.575E-1
 8.961000E+9,   3.621E-1
 8.961100E+9,   3.606E-1
 8.961200E+9,   3.580E-1
 8.961300E+9,   3.564E-1
 8.961400E+9,   3.543E-1
 8.961500E+9,   3.481E-1
 8.961600E+9,   3.502E-1
 8.961700E+9,   3.471E-1
 8.961800E+9,   3.450E-1
 8.961900E+9,   3.445E-1
 8.962000E+9,   3.424E-1
 8.962100E+9,   3.388E-1
 8.962200E+9,   3.362E-1
 8.962300E+9,   3.341E-1
 8.962400E+9,   3.310E-1
 8.962500E+9,   3.294E-1
 8.962600E+9,   3.258E-1
 8.962700E+9,   3.248E-1
 8.962800E+9,   3.211E-1
 8.962900E+9,   3.196E-1
 8.963000E+9,   3.165E-1
 8.963100E+9,   3.144E-1
 8.963200E+9,   3.118E-1
 8.963300E+9,   3.087E-1
 8.963400E+9,   3.061E-1
 8.963500E+9,   3.030E-1
 8.963600E+9,   2.999E-1
 8.963700E+9,   2.978E-1
 8.963800E+9,   2.957E-1
 8.963900E+9,   2.853E-1
 8.964000E+9,   2.895E-1
 8.964100E+9,   2.864E-1
 8.964200E+9,   2.843E-1
 8.964300E+9,   2.812E-1
 8.964400E+9,   2.770E-1
 8.964500E+9,   2.744E-1
 8.964600E+9,   2.719E-1
 8.964700E+9,   2.687E-1
 8.964800E+9,   2.641E-1
 8.964900E+9,   2.630E-1
 8.965000E+9,   2.594E-1
 8.965100E+9,   2.568E-1
 8.965200E+9,   2.537E-1
 8.965300E+9,   2.511E-1
 8.965400E+9,   2.464E-1
 8.965500E+9,   2.433E-1
 8.965600E+9,   2.407E-1
 8.965700E+9,   2.392E-1
 8.965800E+9,   2.355E-1
 8.965900E+9,   2.314E-1
 8.966000E+9,   2.293E-1
 8.966100E+9,   2.262E-1
 8.966200E+9,   2.231E-1
 8.966300E+9,   2.215E-1
 8.966400E+9,   2.184E-1
 8.966500E+9,   2.158E-1
 8.966600E+9,   2.143E-1
 8.966700E+9,   2.101E-1
 8.966800E+9,   2.054E-1
 8.966900E+9,   2.054E-1
 8.967000E+9,   2.029E-1
 8.967100E+9,   2.013E-1
 8.967200E+9,   1.997E-1
 8.967300E+9,   1.977E-1
 8.967400E+9,   1.951E-1
 8.967500E+9,   1.946E-1
 8.967600E+9,   1.920E-1
 8.967700E+9,   1.909E-1
 8.967800E+9,   1.894E-1
 8.967900E+9,   1.888E-1
 8.968000E+9,   1.883E-1
 8.968100E+9,   1.868E-1
 8.968200E+9,   1.878E-1
 8.968300E+9,   1.868E-1
 8.968400E+9,   1.862E-1
 8.968500E+9,   1.862E-1
 8.968600E+9,   1.862E-1
 8.968700E+9,   1.862E-1
 8.968800E+9,   1.873E-1
 8.968900E+9,   1.873E-1
 8.969000E+9,   1.888E-1
 8.969100E+9,   1.899E-1
 8.969200E+9,   1.899E-1
 8.969300E+9,   1.925E-1
 8.969400E+9,   1.946E-1
 8.969500E+9,   1.935E-1
 8.969600E+9,   1.971E-1
 8.969700E+9,   1.987E-1
 8.969800E+9,   1.997E-1
 8.969900E+9,   2.018E-1
 8.970000E+9,   2.044E-1
 8.970100E+9,   2.054E-1
 8.970200E+9,   2.096E-1
 8.970300E+9,   2.127E-1
 8.970400E+9,   2.148E-1
 8.970500E+9,   2.143E-1
 8.970600E+9,   2.184E-1
 8.970700E+9,   2.215E-1
 8.970800E+9,   2.262E-1
 8.970900E+9,   2.257E-1
 8.971000E+9,   2.293E-1
 8.971100E+9,   2.319E-1
 8.971200E+9,   2.355E-1
 8.971300E+9,   2.386E-1
 8.971400E+9,   2.412E-1
 8.971500E+9,   2.433E-1
 8.971600E+9,   2.480E-1
 8.971700E+9,   2.490E-1
 8.971800E+9,   2.553E-1
 8.971900E+9,   2.568E-1
 8.972000E+9,   2.594E-1
 8.972100E+9,   2.636E-1
 8.972200E+9,   2.625E-1
 8.972300E+9,   2.672E-1
 8.972400E+9,   2.708E-1
 8.972500E+9,   2.750E-1
 8.972600E+9,   2.786E-1
 8.972700E+9,   2.786E-1
 8.972800E+9,   2.838E-1
 8.972900E+9,   2.843E-1
 8.973000E+9,   2.910E-1
 8.973100E+9,   2.900E-1
 8.973200E+9,   2.947E-1
 8.973300E+9,   2.962E-1
 8.973400E+9,   3.014E-1
 8.973500E+9,   2.993E-1
 8.973600E+9,   3.066E-1
 8.973700E+9,   3.045E-1
 8.973800E+9,   3.097E-1
 8.973900E+9,   3.113E-1
 8.974000E+9,   3.139E-1
 8.974100E+9,   3.196E-1
 8.974200E+9,   3.206E-1
 8.974300E+9,   3.175E-1
 8.974400E+9,   3.263E-1
 8.974500E+9,   3.284E-1
 8.974600E+9,   3.310E-1
 8.974700E+9,   3.326E-1
 8.974800E+9,   3.351E-1
 8.974900E+9,   3.372E-1
 8.975000E+9,   3.409E-1
 8.975100E+9,   3.409E-1
 8.975200E+9,   3.434E-1
 8.975300E+9,   3.434E-1
 8.975400E+9,   3.455E-1
 8.975500E+9,   3.476E-1
 8.975600E+9,   3.523E-1
 8.975700E+9,   3.523E-1
 8.975800E+9,   3.549E-1
 8.975900E+9,   3.569E-1
 8.976000E+9,   3.590E-1
 8.976100E+9,   3.616E-1
 8.976200E+9,   3.616E-1
 8.976300E+9,   3.647E-1
 8.976400E+9,   3.658E-1
 8.976500E+9,   3.673E-1
 8.976600E+9,   3.642E-1
 8.976700E+9,   3.699E-1
 8.976800E+9,   3.725E-1
 8.976900E+9,   3.746E-1
 8.977000E+9,   3.751E-1
 8.977100E+9,   3.761E-1
 8.977200E+9,   3.761E-1
 8.977300E+9,   3.782E-1
 8.977400E+9,   3.813E-1
 8.977500E+9,   3.824E-1
 8.977600E+9,   3.844E-1
 8.977700E+9,   3.829E-1
 8.977800E+9,   3.860E-1
 8.977900E+9,   3.850E-1
 8.978000E+9,   3.881E-1
 8.978100E+9,   3.891E-1
 8.978200E+9,   3.917E-1
 8.978300E+9,   3.933E-1
 8.978400E+9,   3.917E-1
 8.978500E+9,   3.943E-1
 8.978600E+9,   3.948E-1
 8.978700E+9,   3.969E-1
 8.978800E+9,   3.974E-1
 8.978900E+9,   3.995E-1
 8.979000E+9,   3.995E-1
 8.979100E+9,   4.010E-1
 8.979200E+9,   3.958E-1
 8.979300E+9,   4.016E-1
 8.979400E+9,   4.031E-1
 8.979500E+9,   4.026E-1
 8.979600E+9,   4.062E-1
 8.979700E+9,   4.057E-1
 8.979800E+9,   4.062E-1
 8.979900E+9,   4.083E-1
 8.980000E+9,   4.083E-1
 8.980100E+9,   4.073E-1
 8.980200E+9,   4.093E-1
 8.980300E+9,   4.099E-1
 8.980400E+9,   4.119E-1
 8.980500E+9,   4.119E-1
 8.980600E+9,   4.114E-1
 8.980700E+9,   4.135E-1
 8.980800E+9,   4.130E-1
 8.980900E+9,   4.145E-1
 8.981000E+9,   4.140E-1
 8.981100E+9,   4.150E-1
 8.981200E+9,   4.182E-1
 8.981300E+9,   4.171E-1
 8.981400E+9,   4.192E-1
 8.981500E+9,   4.182E-1
 8.981600E+9,   4.207E-1
 8.981700E+9,   4.192E-1
 8.981800E+9,   4.202E-1
 8.981900E+9,   4.213E-1
 8.982000E+9,   4.202E-1
 8.982100E+9,   4.213E-1
 8.982200E+9,   4.239E-1
 8.982300E+9,   4.218E-1
 8.982400E+9,   4.239E-1
 8.982500E+9,   4.254E-1
 8.982600E+9,   4.249E-1
 8.982700E+9,   4.259E-1
 8.982800E+9,   4.239E-1
 8.982900E+9,   4.259E-1
 8.983000E+9,   4.249E-1
 8.983100E+9,   4.270E-1
 8.983200E+9,   4.285E-1
 8.983300E+9,   4.285E-1
 8.983400E+9,   4.270E-1
 8.983500E+9,   4.265E-1
 8.983600E+9,   4.280E-1
 8.983700E+9,   4.285E-1
 8.983800E+9,   4.290E-1
 8.983900E+9,   4.301E-1
 8.984000E+9,   4.296E-1
 8.984100E+9,   4.306E-1
 8.984200E+9,   4.322E-1
 8.984300E+9,   4.306E-1
 8.984400E+9,   4.316E-1
 8.984500E+9,   4.316E-1
 8.984600E+9,   4.322E-1
 8.984700E+9,   4.316E-1
 8.984800E+9,   4.327E-1
 8.984900E+9,   4.322E-1
 8.985000E+9,   4.342E-1
 8.985100E+9,   4.342E-1
 8.985200E+9,   4.332E-1
 8.985300E+9,   4.327E-1
 8.985400E+9,   4.337E-1
 8.985500E+9,   4.322E-1
 8.985600E+9,   4.358E-1
 8.985700E+9,   4.358E-1
 8.985800E+9,   4.348E-1
 8.985900E+9,   4.368E-1
 8.986000E+9,   4.348E-1
 8.986100E+9,   4.358E-1
 8.986200E+9,   4.348E-1
 8.986300E+9,   4.358E-1
 8.986400E+9,   4.363E-1
 8.986500E+9,   4.358E-1
 8.986600E+9,   4.285E-1
 8.986700E+9,   4.363E-1
 8.986800E+9,   4.368E-1
 8.986900E+9,   4.379E-1
 8.987000E+9,   4.373E-1
 8.987100E+9,   4.358E-1
 8.987200E+9,   4.368E-1
 8.987300E+9,   4.373E-1
 8.987400E+9,   4.373E-1
 8.987500E+9,   4.394E-1
 8.987600E+9,   4.394E-1
 8.987700E+9,   4.379E-1
 8.987800E+9,   4.394E-1
 8.987900E+9,   4.394E-1
 8.988000E+9,   4.394E-1
 8.988100E+9,   4.394E-1
 8.988200E+9,   4.373E-1
 8.988300E+9,   4.405E-1
 8.988400E+9,   4.399E-1
 8.988500E+9,   4.405E-1
 8.988600E+9,   4.389E-1
 8.988700E+9,   4.389E-1
 8.988800E+9,   4.410E-1
 8.988900E+9,   4.399E-1
 8.989000E+9,   4.394E-1
 8.989100E+9,   4.405E-1
 8.989200E+9,   4.410E-1
 8.989300E+9,   4.415E-1
 8.989400E+9,   4.415E-1
 8.989500E+9,   4.410E-1
 8.989600E+9,   4.410E-1
 8.989700E+9,   4.420E-1
 8.989800E+9,   4.410E-1
 8.989900E+9,   4.431E-1
 8.990000E+9,   4.415E-1
 8.990100E+9,   4.420E-1
 8.990200E+9,   4.431E-1
 8.990300E+9,   4.420E-1
 8.990400E+9,   4.420E-1
 8.990500E+9,   4.420E-1
 8.990600E+9,   4.415E-1
 8.990700E+9,   4.415E-1
 8.990800E+9,   4.431E-1
 8.990900E+9,   4.425E-1
 8.991000E+9,   4.410E-1
 8.991100E+9,   4.425E-1
 8.991200E+9,   4.431E-1
 8.991300E+9,   4.420E-1
 8.991400E+9,   4.425E-1
 8.991500E+9,   4.441E-1
 8.991600E+9,   4.420E-1
 8.991700E+9,   4.431E-1
 8.991800E+9,   4.425E-1
 8.991900E+9,   4.436E-1
 8.992000E+9,   4.420E-1
 8.992100E+9,   4.425E-1
 8.992200E+9,   4.425E-1
 8.992300E+9,   4.431E-1
 8.992400E+9,   4.451E-1
 8.992500E+9,   4.431E-1
 8.992600E+9,   4.436E-1
 8.992700E+9,   4.436E-1
 8.992800E+9,   4.436E-1
 8.992900E+9,   4.436E-1
 8.993000E+9,   4.441E-1
 8.993100E+9,   4.415E-1
 8.993200E+9,   4.441E-1
 8.993300E+9,   4.462E-1
 8.993400E+9,   4.436E-1
 8.993500E+9,   4.451E-1
 8.993600E+9,   4.451E-1
 8.993700E+9,   4.451E-1
 8.993800E+9,   4.457E-1
 8.993900E+9,   4.441E-1
 8.994000E+9,   4.441E-1
 8.994100E+9,   4.441E-1
 8.994200E+9,   4.441E-1
 8.994300E+9,   4.446E-1
 8.994400E+9,   4.441E-1
 8.994500E+9,   4.436E-1
 8.994600E+9,   4.457E-1
 8.994700E+9,   4.446E-1
 8.994800E+9,   4.446E-1
 8.994900E+9,   4.451E-1
 8.995000E+9,   4.441E-1
 8.995100E+9,   4.446E-1
 8.995200E+9,   4.462E-1
 8.995300E+9,   4.457E-1
 8.995400E+9,   4.441E-1
 8.995500E+9,   4.457E-1
 8.995600E+9,   4.451E-1
 8.995700E+9,   4.462E-1
 8.995800E+9,   4.467E-1
 8.995900E+9,   4.441E-1
 8.996000E+9,   4.441E-1
 8.996100E+9,   4.462E-1
 8.996200E+9,   4.457E-1
 8.996300E+9,   4.451E-1
 8.996400E+9,   4.462E-1
 8.996500E+9,   4.467E-1
 8.996600E+9,   4.457E-1
 8.996700E+9,   4.472E-1
 8.996800E+9,   4.472E-1
 8.996900E+9,   4.462E-1
 8.997000E+9,   4.457E-1
 8.997100E+9,   4.451E-1
 8.997200E+9,   4.462E-1
 8.997300E+9,   4.462E-1
 8.997400E+9,   4.457E-1
 8.997500E+9,   4.462E-1
 8.997600E+9,   4.467E-1
 8.997700E+9,   4.477E-1
 8.997800E+9,   4.477E-1
 8.997900E+9,   4.472E-1
 8.998000E+9,   4.462E-1
 8.998100E+9,   4.477E-1
 8.998200E+9,   4.467E-1
 8.998300E+9,   4.467E-1
 8.998400E+9,   4.462E-1
 8.998500E+9,   4.477E-1
 8.998600E+9,   4.462E-1
 8.998700E+9,   4.488E-1
 8.998800E+9,   4.467E-1
 8.998900E+9,   4.482E-1
 8.999000E+9,   4.462E-1
 8.999100E+9,   4.488E-1
 8.999200E+9,   4.477E-1
 8.999300E+9,   4.482E-1
 8.999400E+9,   4.477E-1
 8.999500E+9,   4.477E-1
 8.999600E+9,   4.488E-1
 8.999700E+9,   4.472E-1
 8.999800E+9,   4.477E-1
 8.999900E+9,   4.488E-1
 9.000000E+9,   4.482E-1
 9.000100E+9,   4.493E-1
 9.000200E+9,   4.482E-1
 9.000300E+9,   4.431E-1
 9.000400E+9,   4.488E-1
 9.000500E+9,   4.482E-1
 9.000600E+9,   4.488E-1
 9.000700E+9,   4.493E-1
 9.000800E+9,   4.482E-1
 9.000900E+9,   4.493E-1
 9.001000E+9,   4.477E-1
 9.001100E+9,   4.503E-1
 9.001200E+9,   4.498E-1
 9.001300E+9,   4.493E-1
 9.001400E+9,   4.493E-1
 9.001500E+9,   4.488E-1
 9.001600E+9,   4.508E-1
 9.001700E+9,   4.493E-1
 9.001800E+9,   4.488E-1
 9.001900E+9,   4.498E-1
 9.002000E+9,   4.493E-1
 9.002100E+9,   4.508E-1
 9.002200E+9,   4.498E-1
 9.002300E+9,   4.503E-1
 9.002400E+9,   4.477E-1
 9.002500E+9,   4.508E-1
 9.002600E+9,   4.514E-1
 9.002700E+9,   4.508E-1
 9.002800E+9,   4.508E-1
 9.002900E+9,   4.503E-1
 9.003000E+9,   4.503E-1
 9.003100E+9,   4.514E-1
 9.003200E+9,   4.519E-1
 9.003300E+9,   4.514E-1
 9.003400E+9,   4.514E-1
 9.003500E+9,   4.508E-1
 9.003600E+9,   4.503E-1
 9.003700E+9,   4.519E-1
 9.003800E+9,   4.519E-1
 9.003900E+9,   4.514E-1
 9.004000E+9,   4.524E-1
 9.004100E+9,   4.514E-1
 9.004200E+9,   4.503E-1
 9.004300E+9,   4.519E-1
 9.004400E+9,   4.529E-1
 9.004500E+9,   4.524E-1
 9.004600E+9,   4.529E-1
 9.004700E+9,   4.514E-1
 9.004800E+9,   4.529E-1
 9.004900E+9,   4.519E-1
 9.005000E+9,   4.534E-1
 9.005100E+9,   4.540E-1
 9.005200E+9,   4.524E-1
 9.005300E+9,   4.534E-1
 9.005400E+9,   4.519E-1
 9.005500E+9,   4.529E-1
 9.005600E+9,   4.524E-1
 9.005700E+9,   4.524E-1
 9.005800E+9,   4.524E-1
 9.005900E+9,   4.534E-1
 9.006000E+9,   4.534E-1
 9.006100E+9,   4.550E-1
 9.006200E+9,   4.524E-1
 9.006300E+9,   4.555E-1
 9.006400E+9,   4.550E-1
 9.006500E+9,   4.534E-1
 9.006600E+9,   4.534E-1
 9.006700E+9,   4.545E-1
 9.006800E+9,   4.545E-1
 9.006900E+9,   4.534E-1
 9.007000E+9,   4.565E-1
 9.007100E+9,   4.565E-1
 9.007200E+9,   4.534E-1
 9.007300E+9,   4.550E-1
 9.007400E+9,   4.545E-1
 9.007500E+9,   4.545E-1
 9.007600E+9,   4.534E-1
 9.007700E+9,   4.555E-1
 9.007800E+9,   4.540E-1
 9.007900E+9,   4.545E-1
 9.008000E+9,   4.555E-1
 9.008100E+9,   4.555E-1
 9.008200E+9,   4.565E-1
 9.008300E+9,   4.560E-1
 9.008400E+9,   4.555E-1
 9.008500E+9,   4.524E-1
 9.008600E+9,   4.581E-1
 9.008700E+9,   4.571E-1
 9.008800E+9,   4.571E-1
 9.008900E+9,   4.565E-1
 9.009000E+9,   4.576E-1
 9.009100E+9,   4.565E-1
 9.009200E+9,   4.560E-1
 9.009300E+9,   4.571E-1
 9.009400E+9,   4.565E-1
 9.009500E+9,   4.571E-1
 9.009600E+9,   4.576E-1
 9.009700E+9,   4.581E-1
 9.009800E+9,   4.534E-1
 9.009900E+9,   4.581E-1
 9.010000E+9,   4.576E-1
 9.010100E+9,   4.597E-1
 9.010200E+9,   4.581E-1
 9.010300E+9,   4.581E-1
 9.010400E+9,   4.591E-1
 9.010500E+9,   4.586E-1
 9.010600E+9,   4.581E-1
 9.010700E+9,   4.581E-1
 9.010800E+9,   4.602E-1
 9.010900E+9,   4.576E-1
 9.011000E+9,   4.586E-1
 9.011100E+9,   4.602E-1
 9.011200E+9,   4.597E-1
 9.011300E+9,   4.586E-1
 9.011400E+9,   4.597E-1
 9.011500E+9,   4.607E-1
 9.011600E+9,   4.581E-1
 9.011700E+9,   4.597E-1
 9.011800E+9,   4.602E-1
 9.011900E+9,   4.617E-1
 9.012000E+9,   4.602E-1
 9.012100E+9,   4.597E-1
 9.012200E+9,   4.602E-1
 9.012300E+9,   4.602E-1
 9.012400E+9,   4.612E-1
 9.012500E+9,   4.602E-1
 9.012600E+9,   4.617E-1
 9.012700E+9,   4.612E-1
 9.012800E+9,   4.623E-1
 9.012900E+9,   4.591E-1
 9.013000E+9,   4.607E-1
 9.013100E+9,   4.628E-1
 9.013200E+9,   4.612E-1
 9.013300E+9,   4.633E-1
 9.013400E+9,   4.623E-1
 9.013500E+9,   4.628E-1
 9.013600E+9,   4.607E-1
 9.013700E+9,   4.633E-1
 9.013800E+9,   4.623E-1
 9.013900E+9,   4.633E-1
 9.014000E+9,   4.638E-1
 9.014100E+9,   4.617E-1
 9.014200E+9,   4.628E-1
 9.014300E+9,   4.628E-1
 9.014400E+9,   4.633E-1
 9.014500E+9,   4.633E-1
 9.014600E+9,   4.648E-1
 9.014700E+9,   4.638E-1
 9.014800E+9,   4.638E-1
 9.014900E+9,   4.638E-1
 9.015000E+9,   4.648E-1
 9.015100E+9,   4.648E-1
 9.015200E+9,   4.648E-1
 9.015300E+9,   4.648E-1
 9.015400E+9,   4.648E-1
 9.015500E+9,   4.659E-1
 9.015600E+9,   4.648E-1
 9.015700E+9,   4.643E-1
 9.015800E+9,   4.654E-1
 9.015900E+9,   4.654E-1
 9.016000E+9,   4.623E-1
 9.016100E+9,   4.664E-1
 9.016200E+9,   4.617E-1
 9.016300E+9,   4.669E-1
 9.016400E+9,   4.669E-1
 9.016500E+9,   4.659E-1
 9.016600E+9,   4.664E-1
 9.016700E+9,   4.664E-1
 9.016800E+9,   4.680E-1
 9.016900E+9,   4.674E-1
 9.017000E+9,   4.685E-1
 9.017100E+9,   4.680E-1
 9.017200E+9,   4.669E-1
 9.017300E+9,   4.674E-1
 9.017400E+9,   4.680E-1
 9.017500E+9,   4.664E-1
 9.017600E+9,   4.680E-1
 9.017700E+9,   4.685E-1
 9.017800E+9,   4.695E-1
 9.017900E+9,   4.685E-1
 9.018000E+9,   4.654E-1
