SAVED BY: 
TITLE: 
COMMENTS: 
DATE: 1/22/2015
TIME: 4:31 PM

STIMULUS, RESPONSE
 8.902000E+9,   4.950E-1
 8.902100E+9,   4.945E-1
 8.902200E+9,   4.905E-1
 8.902300E+9,   4.860E-1
 8.902400E+9,   4.979E-1
 8.902500E+9,   4.989E-1
 8.902600E+9,   4.955E-1
 8.902700E+9,   4.969E-1
 8.902800E+9,   4.984E-1
 8.902900E+9,   4.945E-1
 8.903000E+9,   4.979E-1
 8.903100E+9,   4.974E-1
 8.903200E+9,   4.945E-1
 8.903300E+9,   4.974E-1
 8.903400E+9,   4.959E-1
 8.903500E+9,   4.979E-1
 8.903600E+9,   4.959E-1
 8.903700E+9,   4.964E-1
 8.903800E+9,   4.969E-1
 8.903900E+9,   4.969E-1
 8.904000E+9,   4.969E-1
 8.904100E+9,   4.959E-1
 8.904200E+9,   4.964E-1
 8.904300E+9,   4.979E-1
 8.904400E+9,   4.950E-1
 8.904500E+9,   4.969E-1
 8.904600E+9,   4.974E-1
 8.904700E+9,   4.945E-1
 8.904800E+9,   4.984E-1
 8.904900E+9,   4.974E-1
 8.905000E+9,   4.974E-1
 8.905100E+9,   4.969E-1
 8.905200E+9,   4.950E-1
 8.905300E+9,   4.964E-1
 8.905400E+9,   4.964E-1
 8.905500E+9,   4.959E-1
 8.905600E+9,   4.959E-1
 8.905700E+9,   4.979E-1
 8.905800E+9,   4.969E-1
 8.905900E+9,   4.959E-1
 8.906000E+9,   4.979E-1
 8.906100E+9,   4.974E-1
 8.906200E+9,   4.964E-1
 8.906300E+9,   4.984E-1
 8.906400E+9,   4.979E-1
 8.906500E+9,   4.959E-1
 8.906600E+9,   4.969E-1
 8.906700E+9,   4.979E-1
 8.906800E+9,   4.964E-1
 8.906900E+9,   4.955E-1
 8.907000E+9,   4.964E-1
 8.907100E+9,   4.959E-1
 8.907200E+9,   4.950E-1
 8.907300E+9,   4.984E-1
 8.907400E+9,   4.974E-1
 8.907500E+9,   4.959E-1
 8.907600E+9,   4.964E-1
 8.907700E+9,   4.955E-1
 8.907800E+9,   4.969E-1
 8.907900E+9,   4.979E-1
 8.908000E+9,   4.945E-1
 8.908100E+9,   4.969E-1
 8.908200E+9,   4.959E-1
 8.908300E+9,   4.950E-1
 8.908400E+9,   4.984E-1
 8.908500E+9,   4.964E-1
 8.908600E+9,   4.964E-1
 8.908700E+9,   4.925E-1
 8.908800E+9,   4.964E-1
 8.908900E+9,   4.984E-1
 8.909000E+9,   4.959E-1
 8.909100E+9,   4.984E-1
 8.909200E+9,   4.964E-1
 8.909300E+9,   4.964E-1
 8.909400E+9,   4.969E-1
 8.909500E+9,   4.959E-1
 8.909600E+9,   4.964E-1
 8.909700E+9,   4.969E-1
 8.909800E+9,   4.979E-1
 8.909900E+9,   4.974E-1
 8.910000E+9,   4.974E-1
 8.910100E+9,   4.964E-1
 8.910200E+9,   4.959E-1
 8.910300E+9,   4.964E-1
 8.910400E+9,   4.959E-1
 8.910500E+9,   4.959E-1
 8.910600E+9,   4.969E-1
 8.910700E+9,   4.964E-1
 8.910800E+9,   4.959E-1
 8.910900E+9,   4.959E-1
 8.911000E+9,   4.964E-1
 8.911100E+9,   4.875E-1
 8.911200E+9,   4.964E-1
 8.911300E+9,   4.964E-1
 8.911400E+9,   4.950E-1
 8.911500E+9,   4.940E-1
 8.911600E+9,   4.959E-1
 8.911700E+9,   4.905E-1
 8.911800E+9,   4.959E-1
 8.911900E+9,   4.969E-1
 8.912000E+9,   4.945E-1
 8.912100E+9,   4.955E-1
 8.912200E+9,   4.969E-1
 8.912300E+9,   4.964E-1
 8.912400E+9,   4.969E-1
 8.912500E+9,   4.950E-1
 8.912600E+9,   4.964E-1
 8.912700E+9,   4.959E-1
 8.912800E+9,   4.959E-1
 8.912900E+9,   4.955E-1
 8.913000E+9,   4.964E-1
 8.913100E+9,   4.959E-1
 8.913200E+9,   4.950E-1
 8.913300E+9,   4.955E-1
 8.913400E+9,   4.969E-1
 8.913500E+9,   4.940E-1
 8.913600E+9,   4.950E-1
 8.913700E+9,   4.950E-1
 8.913800E+9,   4.974E-1
 8.913900E+9,   4.950E-1
 8.914000E+9,   4.959E-1
 8.914100E+9,   4.955E-1
 8.914200E+9,   4.959E-1
 8.914300E+9,   4.945E-1
 8.914400E+9,   4.935E-1
 8.914500E+9,   4.945E-1
 8.914600E+9,   4.950E-1
 8.914700E+9,   4.950E-1
 8.914800E+9,   4.950E-1
 8.914900E+9,   4.940E-1
 8.915000E+9,   4.950E-1
 8.915100E+9,   4.925E-1
 8.915200E+9,   4.945E-1
 8.915300E+9,   4.940E-1
 8.915400E+9,   4.955E-1
 8.915500E+9,   4.935E-1
 8.915600E+9,   4.945E-1
 8.915700E+9,   4.945E-1
 8.915800E+9,   4.930E-1
 8.915900E+9,   4.940E-1
 8.916000E+9,   4.930E-1
 8.916100E+9,   4.950E-1
 8.916200E+9,   4.935E-1
 8.916300E+9,   4.930E-1
 8.916400E+9,   4.935E-1
 8.916500E+9,   4.940E-1
 8.916600E+9,   4.935E-1
 8.916700E+9,   4.930E-1
 8.916800E+9,   4.910E-1
 8.916900E+9,   4.950E-1
 8.917000E+9,   4.925E-1
 8.917100E+9,   4.920E-1
 8.917200E+9,   4.920E-1
 8.917300E+9,   4.950E-1
 8.917400E+9,   4.925E-1
 8.917500E+9,   4.930E-1
 8.917600E+9,   4.930E-1
 8.917700E+9,   4.925E-1
 8.917800E+9,   4.940E-1
 8.917900E+9,   4.945E-1
 8.918000E+9,   4.935E-1
 8.918100E+9,   4.935E-1
 8.918200E+9,   4.910E-1
 8.918300E+9,   4.925E-1
 8.918400E+9,   4.925E-1
 8.918500E+9,   4.925E-1
 8.918600E+9,   4.915E-1
 8.918700E+9,   4.930E-1
 8.918800E+9,   4.920E-1
 8.918900E+9,   4.905E-1
 8.919000E+9,   4.915E-1
 8.919100E+9,   4.900E-1
 8.919200E+9,   4.915E-1
 8.919300E+9,   4.915E-1
 8.919400E+9,   4.900E-1
 8.919500E+9,   4.900E-1
 8.919600E+9,   4.920E-1
 8.919700E+9,   4.930E-1
 8.919800E+9,   4.910E-1
 8.919900E+9,   4.905E-1
 8.920000E+9,   4.915E-1
 8.920100E+9,   4.905E-1
 8.920200E+9,   4.900E-1
 8.920300E+9,   4.905E-1
 8.920400E+9,   4.905E-1
 8.920500E+9,   4.895E-1
 8.920600E+9,   4.890E-1
 8.920700E+9,   4.895E-1
 8.920800E+9,   4.880E-1
 8.920900E+9,   4.880E-1
 8.921000E+9,   4.895E-1
 8.921100E+9,   4.870E-1
 8.921200E+9,   4.885E-1
 8.921300E+9,   4.870E-1
 8.921400E+9,   4.885E-1
 8.921500E+9,   4.885E-1
 8.921600E+9,   4.880E-1
 8.921700E+9,   4.865E-1
 8.921800E+9,   4.875E-1
 8.921900E+9,   4.880E-1
 8.922000E+9,   4.865E-1
 8.922100E+9,   4.885E-1
 8.922200E+9,   4.875E-1
 8.922300E+9,   4.875E-1
 8.922400E+9,   4.885E-1
 8.922500E+9,   4.875E-1
 8.922600E+9,   4.875E-1
 8.922700E+9,   4.865E-1
 8.922800E+9,   4.870E-1
 8.922900E+9,   4.875E-1
 8.923000E+9,   4.880E-1
 8.923100E+9,   4.870E-1
 8.923200E+9,   4.860E-1
 8.923300E+9,   4.865E-1
 8.923400E+9,   4.855E-1
 8.923500E+9,   4.846E-1
 8.923600E+9,   4.855E-1
 8.923700E+9,   4.855E-1
 8.923800E+9,   4.850E-1
 8.923900E+9,   4.850E-1
 8.924000E+9,   4.846E-1
 8.924100E+9,   4.855E-1
 8.924200E+9,   4.846E-1
 8.924300E+9,   4.850E-1
 8.924400E+9,   4.826E-1
 8.924500E+9,   4.836E-1
 8.924600E+9,   4.836E-1
 8.924700E+9,   4.841E-1
 8.924800E+9,   4.816E-1
 8.924900E+9,   4.831E-1
 8.925000E+9,   4.836E-1
 8.925100E+9,   4.816E-1
 8.925200E+9,   4.836E-1
 8.925300E+9,   4.826E-1
 8.925400E+9,   4.821E-1
 8.925500E+9,   4.836E-1
 8.925600E+9,   4.826E-1
 8.925700E+9,   4.811E-1
 8.925800E+9,   4.816E-1
 8.925900E+9,   4.826E-1
 8.926000E+9,   4.801E-1
 8.926100E+9,   4.811E-1
 8.926200E+9,   4.801E-1
 8.926300E+9,   4.806E-1
 8.926400E+9,   4.791E-1
 8.926500E+9,   4.796E-1
 8.926600E+9,   4.796E-1
 8.926700E+9,   4.811E-1
 8.926800E+9,   4.801E-1
 8.926900E+9,   4.786E-1
 8.927000E+9,   4.786E-1
 8.927100E+9,   4.786E-1
 8.927200E+9,   4.781E-1
 8.927300E+9,   4.642E-1
 8.927400E+9,   4.791E-1
 8.927500E+9,   4.776E-1
 8.927600E+9,   4.771E-1
 8.927700E+9,   4.781E-1
 8.927800E+9,   4.771E-1
 8.927900E+9,   4.756E-1
 8.928000E+9,   4.737E-1
 8.928100E+9,   4.751E-1
 8.928200E+9,   4.756E-1
 8.928300E+9,   4.751E-1
 8.928400E+9,   4.707E-1
 8.928500E+9,   4.751E-1
 8.928600E+9,   4.746E-1
 8.928700E+9,   4.746E-1
 8.928800E+9,   4.741E-1
 8.928900E+9,   4.732E-1
 8.929000E+9,   4.732E-1
 8.929100E+9,   4.746E-1
 8.929200E+9,   4.722E-1
 8.929300E+9,   4.707E-1
 8.929400E+9,   4.712E-1
 8.929500E+9,   4.722E-1
 8.929600E+9,   4.712E-1
 8.929700E+9,   4.727E-1
 8.929800E+9,   4.692E-1
 8.929900E+9,   4.692E-1
 8.930000E+9,   4.652E-1
 8.930100E+9,   4.697E-1
 8.930200E+9,   4.677E-1
 8.930300E+9,   4.692E-1
 8.930400E+9,   4.687E-1
 8.930500E+9,   4.667E-1
 8.930600E+9,   4.677E-1
 8.930700E+9,   4.692E-1
 8.930800E+9,   4.672E-1
 8.930900E+9,   4.662E-1
 8.931000E+9,   4.662E-1
 8.931100E+9,   4.672E-1
 8.931200E+9,   4.647E-1
 8.931300E+9,   4.657E-1
 8.931400E+9,   4.642E-1
 8.931500E+9,   4.647E-1
 8.931600E+9,   4.637E-1
 8.931700E+9,   4.637E-1
 8.931800E+9,   4.632E-1
 8.931900E+9,   4.628E-1
 8.932000E+9,   4.623E-1
 8.932100E+9,   4.628E-1
 8.932200E+9,   4.608E-1
 8.932300E+9,   4.618E-1
 8.932400E+9,   4.608E-1
 8.932500E+9,   4.593E-1
 8.932600E+9,   4.588E-1
 8.932700E+9,   4.593E-1
 8.932800E+9,   4.593E-1
 8.932900E+9,   4.578E-1
 8.933000E+9,   4.583E-1
 8.933100E+9,   4.578E-1
 8.933200E+9,   4.558E-1
 8.933300E+9,   4.558E-1
 8.933400E+9,   4.563E-1
 8.933500E+9,   4.558E-1
 8.933600E+9,   4.543E-1
 8.933700E+9,   4.523E-1
 8.933800E+9,   4.538E-1
 8.933900E+9,   4.533E-1
 8.934000E+9,   4.538E-1
 8.934100E+9,   4.533E-1
 8.934200E+9,   4.519E-1
 8.934300E+9,   4.509E-1
 8.934400E+9,   4.499E-1
 8.934500E+9,   4.499E-1
 8.934600E+9,   4.489E-1
 8.934700E+9,   4.474E-1
 8.934800E+9,   4.459E-1
 8.934900E+9,   4.469E-1
 8.935000E+9,   4.464E-1
 8.935100E+9,   4.464E-1
 8.935200E+9,   4.444E-1
 8.935300E+9,   4.375E-1
 8.935400E+9,   4.439E-1
 8.935500E+9,   4.439E-1
 8.935600E+9,   4.429E-1
 8.935700E+9,   4.424E-1
 8.935800E+9,   4.410E-1
 8.935900E+9,   4.405E-1
 8.936000E+9,   4.414E-1
 8.936100E+9,   4.395E-1
 8.936200E+9,   4.385E-1
 8.936300E+9,   4.385E-1
 8.936400E+9,   4.370E-1
 8.936500E+9,   4.360E-1
 8.936600E+9,   4.350E-1
 8.936700E+9,   4.340E-1
 8.936800E+9,   4.340E-1
 8.936900E+9,   4.330E-1
 8.937000E+9,   4.320E-1
 8.937100E+9,   4.301E-1
 8.937200E+9,   4.305E-1
 8.937300E+9,   4.301E-1
 8.937400E+9,   4.266E-1
 8.937500E+9,   4.261E-1
 8.937600E+9,   4.261E-1
 8.937700E+9,   4.271E-1
 8.937800E+9,   4.246E-1
 8.937900E+9,   4.241E-1
 8.938000E+9,   4.157E-1
 8.938100E+9,   4.221E-1
 8.938200E+9,   4.211E-1
 8.938300E+9,   4.196E-1
 8.938400E+9,   4.201E-1
 8.938500E+9,   4.187E-1
 8.938600E+9,   4.177E-1
 8.938700E+9,   4.167E-1
 8.938800E+9,   4.152E-1
 8.938900E+9,   4.147E-1
 8.939000E+9,   4.142E-1
 8.939100E+9,   4.117E-1
 8.939200E+9,   4.112E-1
 8.939300E+9,   4.102E-1
 8.939400E+9,   4.092E-1
 8.939500E+9,   4.083E-1
 8.939600E+9,   4.063E-1
 8.939700E+9,   4.053E-1
 8.939800E+9,   4.038E-1
 8.939900E+9,   4.028E-1
 8.940000E+9,   4.018E-1
 8.940100E+9,   4.008E-1
 8.940200E+9,   3.993E-1
 8.940300E+9,   3.974E-1
 8.940400E+9,   3.879E-1
 8.940500E+9,   3.939E-1
 8.940600E+9,   3.850E-1
 8.940700E+9,   3.929E-1
 8.940800E+9,   3.899E-1
 8.940900E+9,   3.899E-1
 8.941000E+9,   3.884E-1
 8.941100E+9,   3.865E-1
 8.941200E+9,   3.850E-1
 8.941300E+9,   3.845E-1
 8.941400E+9,   3.815E-1
 8.941500E+9,   3.805E-1
 8.941600E+9,   3.795E-1
 8.941700E+9,   3.780E-1
 8.941800E+9,   3.760E-1
 8.941900E+9,   3.731E-1
 8.942000E+9,   3.731E-1
 8.942100E+9,   3.716E-1
 8.942200E+9,   3.691E-1
 8.942300E+9,   3.666E-1
 8.942400E+9,   3.656E-1
 8.942500E+9,   3.642E-1
 8.942600E+9,   3.627E-1
 8.942700E+9,   3.607E-1
 8.942800E+9,   3.577E-1
 8.942900E+9,   3.567E-1
 8.943000E+9,   3.547E-1
 8.943100E+9,   3.533E-1
 8.943200E+9,   3.498E-1
 8.943300E+9,   3.468E-1
 8.943400E+9,   3.463E-1
 8.943500E+9,   3.438E-1
 8.943600E+9,   3.429E-1
 8.943700E+9,   3.399E-1
 8.943800E+9,   3.384E-1
 8.943900E+9,   3.354E-1
 8.944000E+9,   3.334E-1
 8.944100E+9,   3.310E-1
 8.944200E+9,   3.290E-1
 8.944300E+9,   3.250E-1
 8.944400E+9,   3.225E-1
 8.944500E+9,   3.225E-1
 8.944600E+9,   3.196E-1
 8.944700E+9,   3.166E-1
 8.944800E+9,   3.141E-1
 8.944900E+9,   3.131E-1
 8.945000E+9,   3.097E-1
 8.945100E+9,   3.062E-1
 8.945200E+9,   3.047E-1
 8.945300E+9,   3.027E-1
 8.945400E+9,   2.988E-1
 8.945500E+9,   2.963E-1
 8.945600E+9,   2.943E-1
 8.945700E+9,   2.908E-1
 8.945800E+9,   2.884E-1
 8.945900E+9,   2.859E-1
 8.946000E+9,   2.819E-1
 8.946100E+9,   2.799E-1
 8.946200E+9,   2.750E-1
 8.946300E+9,   2.725E-1
 8.946400E+9,   2.700E-1
 8.946500E+9,   2.656E-1
 8.946600E+9,   2.636E-1
 8.946700E+9,   2.621E-1
 8.946800E+9,   2.576E-1
 8.946900E+9,   2.537E-1
 8.947000E+9,   2.502E-1
 8.947100E+9,   2.477E-1
 8.947200E+9,   2.448E-1
 8.947300E+9,   2.408E-1
 8.947400E+9,   2.358E-1
 8.947500E+9,   2.334E-1
 8.947600E+9,   2.299E-1
 8.947700E+9,   2.254E-1
 8.947800E+9,   2.234E-1
 8.947900E+9,   2.205E-1
 8.948000E+9,   2.165E-1
 8.948100E+9,   2.106E-1
 8.948200E+9,   2.066E-1
 8.948300E+9,   2.046E-1
 8.948400E+9,   2.016E-1
 8.948500E+9,   1.972E-1
 8.948600E+9,   1.937E-1
 8.948700E+9,   1.893E-1
 8.948800E+9,   1.838E-1
 8.948900E+9,   1.803E-1
 8.949000E+9,   1.754E-1
 8.949100E+9,   1.709E-1
 8.949200E+9,   1.680E-1
 8.949300E+9,   1.615E-1
 8.949400E+9,   1.615E-1
 8.949500E+9,   1.546E-1
 8.949600E+9,   1.516E-1
 8.949700E+9,   1.476E-1
 8.949800E+9,   1.437E-1
 8.949900E+9,   1.397E-1
 8.950000E+9,   1.358E-1
 8.950100E+9,   1.288E-1
 8.950200E+9,   1.278E-1
 8.950300E+9,   1.224E-1
 8.950400E+9,   1.174E-1
 8.950500E+9,   1.125E-1
 8.950600E+9,   1.105E-1
 8.950700E+9,   1.045E-1
 8.950800E+9,   1.006E-1
 8.950900E+9,   9.562E-2
 8.951000E+9,   9.265E-2
 8.951100E+9,   8.769E-2
 8.951200E+9,   8.274E-2
 8.951300E+9,   7.878E-2
 8.951400E+9,   7.630E-2
 8.951500E+9,   7.085E-2
 8.951600E+9,   6.738E-2
 8.951700E+9,   6.391E-2
 8.951800E+9,   5.945E-2
 8.951900E+9,   5.648E-2
 8.952000E+9,   5.202E-2
 8.952100E+9,   4.955E-2
 8.952200E+9,   4.509E-2
 8.952300E+9,   4.112E-2
 8.952400E+9,   3.865E-2
 8.952500E+9,   3.716E-2
 8.952600E+9,   3.468E-2
 8.952700E+9,   3.369E-2
 8.952800E+9,   3.369E-2
 8.952900E+9,   3.419E-2
 8.953000E+9,   3.468E-2
 8.953100E+9,   3.666E-2
 8.953200E+9,   3.865E-2
 8.953300E+9,   4.261E-2
 8.953400E+9,   4.459E-2
 8.953500E+9,   4.905E-2
 8.953600E+9,   4.855E-2
 8.953700E+9,   5.549E-2
 8.953800E+9,   5.500E-2
 8.953900E+9,   6.391E-2
 8.954000E+9,   6.292E-2
 8.954100E+9,   7.134E-2
 8.954200E+9,   7.531E-2
 8.954300E+9,   7.729E-2
 8.954400E+9,   8.076E-2
 8.954500E+9,   8.670E-2
 8.954600E+9,   9.265E-2
 8.954700E+9,   9.513E-2
 8.954800E+9,   1.006E-1
 8.954900E+9,   1.045E-1
 8.955000E+9,   1.090E-1
 8.955100E+9,   1.075E-1
 8.955200E+9,   1.179E-1
 8.955300E+9,   1.209E-1
 8.955400E+9,   1.253E-1
 8.955500E+9,   1.253E-1
 8.955600E+9,   1.338E-1
 8.955700E+9,   1.372E-1
 8.955800E+9,   1.427E-1
 8.955900E+9,   1.457E-1
 8.956000E+9,   1.526E-1
 8.956100E+9,   1.561E-1
 8.956200E+9,   1.610E-1
 8.956300E+9,   1.660E-1
 8.956400E+9,   1.645E-1
 8.956500E+9,   1.709E-1
 8.956600E+9,   1.769E-1
 8.956700E+9,   1.798E-1
 8.956800E+9,   1.813E-1
 8.956900E+9,   1.893E-1
 8.957000E+9,   1.907E-1
 8.957100E+9,   1.937E-1
 8.957200E+9,   2.007E-1
 8.957300E+9,   2.007E-1
 8.957400E+9,   2.076E-1
 8.957500E+9,   2.125E-1
 8.957600E+9,   2.135E-1
 8.957700E+9,   2.205E-1
 8.957800E+9,   2.195E-1
 8.957900E+9,   2.249E-1
 8.958000E+9,   2.294E-1
 8.958100E+9,   2.339E-1
 8.958200E+9,   2.324E-1
 8.958300E+9,   2.398E-1
 8.958400E+9,   2.433E-1
 8.958500E+9,   2.467E-1
 8.958600E+9,   2.502E-1
 8.958700E+9,   2.532E-1
 8.958800E+9,   2.561E-1
 8.958900E+9,   2.611E-1
 8.959000E+9,   2.596E-1
 8.959100E+9,   2.656E-1
 8.959200E+9,   2.700E-1
 8.959300E+9,   2.720E-1
 8.959400E+9,   2.770E-1
 8.959500E+9,   2.735E-1
 8.959600E+9,   2.814E-1
 8.959700E+9,   2.859E-1
 8.959800E+9,   2.893E-1
 8.959900E+9,   2.923E-1
 8.960000E+9,   2.903E-1
 8.960100E+9,   2.958E-1
 8.960200E+9,   2.978E-1
 8.960300E+9,   3.037E-1
 8.960400E+9,   3.007E-1
 8.960500E+9,   3.072E-1
 8.960600E+9,   3.097E-1
 8.960700E+9,   3.136E-1
 8.960800E+9,   3.171E-1
 8.960900E+9,   3.156E-1
 8.961000E+9,   3.215E-1
 8.961100E+9,   3.240E-1
 8.961200E+9,   3.250E-1
 8.961300E+9,   3.235E-1
 8.961400E+9,   3.315E-1
 8.961500E+9,   3.320E-1
 8.961600E+9,   3.354E-1
 8.961700E+9,   3.364E-1
 8.961800E+9,   3.394E-1
 8.961900E+9,   3.404E-1
 8.962000E+9,   3.448E-1
 8.962100E+9,   3.424E-1
 8.962200E+9,   3.473E-1
 8.962300E+9,   3.503E-1
 8.962400E+9,   3.533E-1
 8.962500E+9,   3.538E-1
 8.962600E+9,   3.547E-1
 8.962700E+9,   3.582E-1
 8.962800E+9,   3.597E-1
 8.962900E+9,   3.632E-1
 8.963000E+9,   3.632E-1
 8.963100E+9,   3.647E-1
 8.963200E+9,   3.686E-1
 8.963300E+9,   3.696E-1
 8.963400E+9,   3.731E-1
 8.963500E+9,   3.701E-1
 8.963600E+9,   3.741E-1
 8.963700E+9,   3.756E-1
 8.963800E+9,   3.770E-1
 8.963900E+9,   3.810E-1
 8.964000E+9,   3.810E-1
 8.964100E+9,   3.830E-1
 8.964200E+9,   3.860E-1
 8.964300E+9,   3.874E-1
 8.964400E+9,   3.869E-1
 8.964500E+9,   3.909E-1
 8.964600E+9,   3.909E-1
 8.964700E+9,   3.924E-1
 8.964800E+9,   3.929E-1
 8.964900E+9,   3.949E-1
 8.965000E+9,   3.964E-1
 8.965100E+9,   3.993E-1
 8.965200E+9,   3.983E-1
 8.965300E+9,   4.008E-1
 8.965400E+9,   4.033E-1
 8.965500E+9,   4.053E-1
 8.965600E+9,   4.068E-1
 8.965700E+9,   4.087E-1
 8.965800E+9,   4.073E-1
 8.965900E+9,   4.087E-1
 8.966000E+9,   4.112E-1
 8.966100E+9,   4.132E-1
 8.966200E+9,   4.117E-1
 8.966300E+9,   4.157E-1
 8.966400E+9,   4.142E-1
 8.966500E+9,   4.157E-1
 8.966600E+9,   4.192E-1
 8.966700E+9,   4.187E-1
 8.966800E+9,   4.221E-1
 8.966900E+9,   4.211E-1
 8.967000E+9,   4.231E-1
 8.967100E+9,   4.236E-1
 8.967200E+9,   4.251E-1
 8.967300E+9,   4.241E-1
 8.967400E+9,   4.276E-1
 8.967500E+9,   4.266E-1
 8.967600E+9,   4.281E-1
 8.967700E+9,   4.276E-1
 8.967800E+9,   4.325E-1
 8.967900E+9,   4.301E-1
 8.968000E+9,   4.315E-1
 8.968100E+9,   4.320E-1
 8.968200E+9,   4.355E-1
 8.968300E+9,   4.365E-1
 8.968400E+9,   4.335E-1
 8.968500E+9,   4.365E-1
 8.968600E+9,   4.385E-1
 8.968700E+9,   4.405E-1
 8.968800E+9,   4.410E-1
 8.968900E+9,   4.405E-1
 8.969000E+9,   4.414E-1
 8.969100E+9,   4.444E-1
 8.969200E+9,   4.419E-1
 8.969300E+9,   4.449E-1
 8.969400E+9,   4.454E-1
 8.969500E+9,   4.459E-1
 8.969600E+9,   4.484E-1
 8.969700E+9,   4.459E-1
 8.969800E+9,   4.479E-1
 8.969900E+9,   4.499E-1
 8.970000E+9,   4.494E-1
 8.970100E+9,   4.489E-1
 8.970200E+9,   4.514E-1
 8.970300E+9,   4.528E-1
 8.970400E+9,   4.519E-1
 8.970500E+9,   4.538E-1
 8.970600E+9,   4.533E-1
 8.970700E+9,   4.538E-1
 8.970800E+9,   4.543E-1
 8.970900E+9,   4.578E-1
 8.971000E+9,   4.558E-1
 8.971100E+9,   4.568E-1
 8.971200E+9,   4.583E-1
 8.971300E+9,   4.568E-1
 8.971400E+9,   4.593E-1
 8.971500E+9,   4.593E-1
 8.971600E+9,   4.613E-1
 8.971700E+9,   4.628E-1
 8.971800E+9,   4.613E-1
 8.971900E+9,   4.632E-1
 8.972000E+9,   4.637E-1
 8.972100E+9,   4.657E-1
 8.972200E+9,   4.642E-1
 8.972300E+9,   4.657E-1
 8.972400E+9,   4.667E-1
 8.972500E+9,   4.677E-1
 8.972600E+9,   4.677E-1
 8.972700E+9,   4.682E-1
 8.972800E+9,   4.687E-1
 8.972900E+9,   4.692E-1
 8.973000E+9,   4.677E-1
 8.973100E+9,   4.712E-1
 8.973200E+9,   4.712E-1
 8.973300E+9,   4.697E-1
 8.973400E+9,   4.697E-1
 8.973500E+9,   4.727E-1
 8.973600E+9,   4.707E-1
 8.973700E+9,   4.712E-1
 8.973800E+9,   4.737E-1
 8.973900E+9,   4.737E-1
 8.974000E+9,   4.722E-1
 8.974100E+9,   4.766E-1
 8.974200E+9,   4.746E-1
 8.974300E+9,   4.751E-1
 8.974400E+9,   4.751E-1
 8.974500E+9,   4.771E-1
 8.974600E+9,   4.776E-1
 8.974700E+9,   4.761E-1
 8.974800E+9,   4.786E-1
 8.974900E+9,   4.781E-1
 8.975000E+9,   4.796E-1
 8.975100E+9,   4.801E-1
 8.975200E+9,   4.796E-1
 8.975300E+9,   4.796E-1
 8.975400E+9,   4.781E-1
 8.975500E+9,   4.821E-1
 8.975600E+9,   4.821E-1
 8.975700E+9,   4.806E-1
 8.975800E+9,   4.821E-1
 8.975900E+9,   4.821E-1
 8.976000E+9,   4.841E-1
 8.976100E+9,   4.791E-1
 8.976200E+9,   4.841E-1
 8.976300E+9,   4.836E-1
 8.976400E+9,   4.831E-1
 8.976500E+9,   4.855E-1
 8.976600E+9,   4.841E-1
 8.976700E+9,   4.846E-1
 8.976800E+9,   4.870E-1
 8.976900E+9,   4.875E-1
 8.977000E+9,   4.865E-1
 8.977100E+9,   4.865E-1
 8.977200E+9,   4.865E-1
 8.977300E+9,   4.890E-1
 8.977400E+9,   4.890E-1
 8.977500E+9,   4.870E-1
 8.977600E+9,   4.880E-1
 8.977700E+9,   4.905E-1
 8.977800E+9,   4.895E-1
 8.977900E+9,   4.885E-1
 8.978000E+9,   4.895E-1
 8.978100E+9,   4.910E-1
 8.978200E+9,   4.895E-1
 8.978300E+9,   4.925E-1
 8.978400E+9,   4.910E-1
 8.978500E+9,   4.915E-1
 8.978600E+9,   4.905E-1
 8.978700E+9,   4.920E-1
 8.978800E+9,   4.920E-1
 8.978900E+9,   4.920E-1
 8.979000E+9,   4.930E-1
 8.979100E+9,   4.930E-1
 8.979200E+9,   4.910E-1
 8.979300E+9,   4.955E-1
 8.979400E+9,   4.940E-1
 8.979500E+9,   4.940E-1
 8.979600E+9,   4.930E-1
 8.979700E+9,   4.935E-1
 8.979800E+9,   4.945E-1
 8.979900E+9,   4.959E-1
 8.980000E+9,   4.945E-1
 8.980100E+9,   4.935E-1
 8.980200E+9,   4.964E-1
 8.980300E+9,   4.969E-1
 8.980400E+9,   4.950E-1
 8.980500E+9,   4.969E-1
 8.980600E+9,   4.974E-1
 8.980700E+9,   4.969E-1
 8.980800E+9,   4.974E-1
 8.980900E+9,   4.979E-1
 8.981000E+9,   4.994E-1
 8.981100E+9,   4.984E-1
 8.981200E+9,   4.984E-1
 8.981300E+9,   4.964E-1
 8.981400E+9,   4.979E-1
 8.981500E+9,   4.999E-1
 8.981600E+9,   4.994E-1
 8.981700E+9,   4.969E-1
 8.981800E+9,   4.984E-1
 8.981900E+9,   5.004E-1
 8.982000E+9,   4.989E-1
 8.982100E+9,   5.014E-1
 8.982200E+9,   4.984E-1
 8.982300E+9,   4.999E-1
 8.982400E+9,   5.009E-1
 8.982500E+9,   4.999E-1
 8.982600E+9,   5.009E-1
 8.982700E+9,   4.950E-1
 8.982800E+9,   5.019E-1
 8.982900E+9,   5.014E-1
 8.983000E+9,   5.014E-1
 8.983100E+9,   5.024E-1
 8.983200E+9,   5.034E-1
 8.983300E+9,   5.019E-1
 8.983400E+9,   5.034E-1
 8.983500E+9,   5.029E-1
 8.983600E+9,   5.034E-1
 8.983700E+9,   5.039E-1
 8.983800E+9,   5.034E-1
 8.983900E+9,   5.044E-1
 8.984000E+9,   5.009E-1
 8.984100E+9,   5.044E-1
 8.984200E+9,   5.044E-1
 8.984300E+9,   5.044E-1
 8.984400E+9,   5.039E-1
 8.984500E+9,   5.044E-1
 8.984600E+9,   5.044E-1
 8.984700E+9,   5.049E-1
 8.984800E+9,   5.049E-1
 8.984900E+9,   5.054E-1
 8.985000E+9,   5.049E-1
 8.985100E+9,   5.064E-1
 8.985200E+9,   5.064E-1
 8.985300E+9,   5.059E-1
 8.985400E+9,   5.064E-1
 8.985500E+9,   5.054E-1
 8.985600E+9,   5.068E-1
 8.985700E+9,   5.064E-1
 8.985800E+9,   5.054E-1
 8.985900E+9,   5.064E-1
 8.986000E+9,   5.068E-1
 8.986100E+9,   5.059E-1
 8.986200E+9,   5.068E-1
 8.986300E+9,   5.068E-1
 8.986400E+9,   5.064E-1
 8.986500E+9,   5.068E-1
 8.986600E+9,   5.068E-1
 8.986700E+9,   5.068E-1
 8.986800E+9,   5.068E-1
 8.986900E+9,   5.068E-1
 8.987000E+9,   5.068E-1
 8.987100E+9,   5.068E-1
 8.987200E+9,   5.068E-1
 8.987300E+9,   5.068E-1
 8.987400E+9,   5.068E-1
 8.987500E+9,   5.068E-1
 8.987600E+9,   5.068E-1
 8.987700E+9,   5.068E-1
 8.987800E+9,   5.068E-1
 8.987900E+9,   5.068E-1
 8.988000E+9,   5.068E-1
 8.988100E+9,   5.068E-1
 8.988200E+9,   5.068E-1
 8.988300E+9,   5.068E-1
 8.988400E+9,   5.068E-1
 8.988500E+9,   5.068E-1
 8.988600E+9,   5.068E-1
 8.988700E+9,   5.068E-1
 8.988800E+9,   5.068E-1
 8.988900E+9,   5.068E-1
 8.989000E+9,   5.068E-1
 8.989100E+9,   5.068E-1
 8.989200E+9,   5.068E-1
 8.989300E+9,   5.068E-1
 8.989400E+9,   5.068E-1
 8.989500E+9,   5.068E-1
 8.989600E+9,   5.068E-1
 8.989700E+9,   5.068E-1
 8.989800E+9,   5.068E-1
 8.989900E+9,   5.068E-1
 8.990000E+9,   5.068E-1
 8.990100E+9,   5.068E-1
 8.990200E+9,   5.068E-1
 8.990300E+9,   5.068E-1
 8.990400E+9,   5.068E-1
 8.990500E+9,   5.068E-1
 8.990600E+9,   5.068E-1
 8.990700E+9,   5.068E-1
 8.990800E+9,   5.068E-1
 8.990900E+9,   5.068E-1
 8.991000E+9,   5.068E-1
 8.991100E+9,   5.068E-1
 8.991200E+9,   5.068E-1
 8.991300E+9,   5.068E-1
 8.991400E+9,   5.068E-1
 8.991500E+9,   5.068E-1
 8.991600E+9,   5.068E-1
 8.991700E+9,   5.068E-1
 8.991800E+9,   5.068E-1
 8.991900E+9,   5.068E-1
 8.992000E+9,   5.068E-1
 8.992100E+9,   5.068E-1
 8.992200E+9,   5.068E-1
 8.992300E+9,   5.068E-1
 8.992400E+9,   5.068E-1
 8.992500E+9,   5.068E-1
 8.992600E+9,   5.068E-1
 8.992700E+9,   5.068E-1
 8.992800E+9,   5.068E-1
 8.992900E+9,   5.068E-1
 8.993000E+9,   5.068E-1
 8.993100E+9,   5.068E-1
 8.993200E+9,   5.068E-1
 8.993300E+9,   5.068E-1
 8.993400E+9,   5.068E-1
 8.993500E+9,   5.068E-1
 8.993600E+9,   5.068E-1
 8.993700E+9,   5.068E-1
 8.993800E+9,   5.068E-1
 8.993900E+9,   5.068E-1
 8.994000E+9,   5.068E-1
 8.994100E+9,   5.068E-1
 8.994200E+9,   5.068E-1
 8.994300E+9,   5.068E-1
 8.994400E+9,   5.068E-1
 8.994500E+9,   5.068E-1
 8.994600E+9,   5.068E-1
 8.994700E+9,   5.068E-1
 8.994800E+9,   5.068E-1
 8.994900E+9,   5.068E-1
 8.995000E+9,   5.068E-1
 8.995100E+9,   5.068E-1
 8.995200E+9,   5.068E-1
 8.995300E+9,   5.068E-1
 8.995400E+9,   5.068E-1
 8.995500E+9,   5.068E-1
 8.995600E+9,   5.068E-1
 8.995700E+9,   5.068E-1
 8.995800E+9,   5.068E-1
 8.995900E+9,   5.068E-1
 8.996000E+9,   5.068E-1
 8.996100E+9,   5.068E-1
 8.996200E+9,   5.068E-1
 8.996300E+9,   5.068E-1
 8.996400E+9,   5.068E-1
 8.996500E+9,   5.068E-1
 8.996600E+9,   5.068E-1
 8.996700E+9,   5.068E-1
 8.996800E+9,   5.068E-1
 8.996900E+9,   5.068E-1
 8.997000E+9,   5.068E-1
 8.997100E+9,   5.068E-1
 8.997200E+9,   5.068E-1
 8.997300E+9,   5.068E-1
 8.997400E+9,   5.068E-1
 8.997500E+9,   5.068E-1
 8.997600E+9,   5.068E-1
 8.997700E+9,   5.068E-1
 8.997800E+9,   5.068E-1
 8.997900E+9,   5.068E-1
 8.998000E+9,   5.068E-1
 8.998100E+9,   5.068E-1
 8.998200E+9,   5.068E-1
 8.998300E+9,   5.068E-1
 8.998400E+9,   5.068E-1
 8.998500E+9,   5.068E-1
 8.998600E+9,   5.068E-1
 8.998700E+9,   5.068E-1
 8.998800E+9,   5.068E-1
 8.998900E+9,   5.068E-1
 8.999000E+9,   5.068E-1
 8.999100E+9,   5.068E-1
 8.999200E+9,   5.068E-1
 8.999300E+9,   5.068E-1
 8.999400E+9,   5.068E-1
 8.999500E+9,   5.068E-1
 8.999600E+9,   5.068E-1
 8.999700E+9,   5.068E-1
 8.999800E+9,   5.068E-1
 8.999900E+9,   5.068E-1
 9.000000E+9,   5.068E-1
 9.000100E+9,   5.068E-1
 9.000200E+9,   5.068E-1
 9.000300E+9,   5.068E-1
 9.000400E+9,   5.068E-1
 9.000500E+9,   5.068E-1
 9.000600E+9,   5.068E-1
 9.000700E+9,   5.068E-1
 9.000800E+9,   5.068E-1
 9.000900E+9,   5.068E-1
 9.001000E+9,   5.068E-1
 9.001100E+9,   5.068E-1
 9.001200E+9,   5.068E-1
 9.001300E+9,   5.068E-1
 9.001400E+9,   5.068E-1
 9.001500E+9,   5.068E-1
 9.001600E+9,   5.068E-1
 9.001700E+9,   5.068E-1
 9.001800E+9,   5.068E-1
 9.001900E+9,   5.068E-1
 9.002000E+9,   5.068E-1
